
% ----- Analog fission matrixes

fmtx_xmin = -5.35500E+01 ;
fmtx_xmax = 5.35500E+01 ;
fmtx_nx = 5 ;
fmtx_ymin = -5.35500E+01 ;
fmtx_ymax = 5.35500E+01 ;
fmtx_ny = 5 ;
fmtx_zmin = -1.00000E+37 ;
fmtx_zmax = 1.00000E+37 ;
fmtx_nz = 1 ;

fmtx_t = zeros(25,25);
fmtx_t_err = zeros(25,25);

fmtx_t (  1,   1) = 4.91265E-01 ;  fmtx_t_err (  1,   1) = 3.25150E-03 ;
fmtx_t (  2,   1) = 1.42748E-01 ;  fmtx_t_err (  2,   1) = 6.31138E-03 ;
fmtx_t (  3,   1) = 5.34952E-03 ;  fmtx_t_err (  3,   1) = 3.42034E-02 ;
fmtx_t (  4,   1) = 2.24592E-04 ;  fmtx_t_err (  4,   1) = 1.58843E-01 ;
fmtx_t (  6,   1) = 1.41491E-01 ;  fmtx_t_err (  6,   1) = 5.46507E-03 ;
fmtx_t (  7,   1) = 4.87810E-02 ;  fmtx_t_err (  7,   1) = 1.19301E-02 ;
fmtx_t (  8,   1) = 2.77053E-03 ;  fmtx_t_err (  8,   1) = 4.35595E-02 ;
fmtx_t (  9,   1) = 1.35267E-04 ;  fmtx_t_err (  9,   1) = 2.16361E-01 ;
fmtx_t ( 10,   1) = 6.27692E-06 ;  fmtx_t_err ( 10,   1) = 1.00000E+00 ;
fmtx_t ( 11,   1) = 5.36923E-03 ;  fmtx_t_err ( 11,   1) = 3.60471E-02 ;
fmtx_t ( 12,   1) = 2.82824E-03 ;  fmtx_t_err ( 12,   1) = 4.12672E-02 ;
fmtx_t ( 13,   1) = 4.48187E-04 ;  fmtx_t_err ( 13,   1) = 1.33237E-01 ;
fmtx_t ( 14,   1) = 6.22085E-05 ;  fmtx_t_err ( 14,   1) = 2.85824E-01 ;
fmtx_t ( 15,   1) = 6.52746E-06 ;  fmtx_t_err ( 15,   1) = 1.00000E+00 ;
fmtx_t ( 16,   1) = 2.95883E-04 ;  fmtx_t_err ( 16,   1) = 1.56310E-01 ;
fmtx_t ( 17,   1) = 1.41862E-04 ;  fmtx_t_err ( 17,   1) = 2.41043E-01 ;
fmtx_t ( 18,   1) = 6.92408E-05 ;  fmtx_t_err ( 18,   1) = 2.98290E-01 ;
fmtx_t ( 19,   1) = 2.01673E-05 ;  fmtx_t_err ( 19,   1) = 5.74340E-01 ;
fmtx_t ( 21,   1) = 2.44004E-05 ;  fmtx_t_err ( 21,   1) = 4.84591E-01 ;
fmtx_t ( 23,   1) = 6.17511E-06 ;  fmtx_t_err ( 23,   1) = 1.00000E+00 ;
fmtx_t (  1,   2) = 1.07172E-01 ;  fmtx_t_err (  1,   2) = 5.19759E-03 ;
fmtx_t (  2,   2) = 4.84747E-01 ;  fmtx_t_err (  2,   2) = 2.47642E-03 ;
fmtx_t (  3,   2) = 1.24682E-01 ;  fmtx_t_err (  3,   2) = 4.89341E-03 ;
fmtx_t (  4,   2) = 4.57619E-03 ;  fmtx_t_err (  4,   2) = 2.80566E-02 ;
fmtx_t (  5,   2) = 2.15589E-04 ;  fmtx_t_err (  5,   2) = 1.20270E-01 ;
fmtx_t (  6,   2) = 3.85473E-02 ;  fmtx_t_err (  6,   2) = 8.98468E-03 ;
fmtx_t (  7,   2) = 1.41448E-01 ;  fmtx_t_err (  7,   2) = 4.45208E-03 ;
fmtx_t (  8,   2) = 4.41846E-02 ;  fmtx_t_err (  8,   2) = 8.46148E-03 ;
fmtx_t (  9,   2) = 2.49996E-03 ;  fmtx_t_err (  9,   2) = 3.54014E-02 ;
fmtx_t ( 10,   2) = 1.38827E-04 ;  fmtx_t_err ( 10,   2) = 1.57392E-01 ;
fmtx_t ( 11,   2) = 2.46604E-03 ;  fmtx_t_err ( 11,   2) = 3.40835E-02 ;
fmtx_t ( 12,   2) = 5.48478E-03 ;  fmtx_t_err ( 12,   2) = 2.72139E-02 ;
fmtx_t ( 13,   2) = 2.74714E-03 ;  fmtx_t_err ( 13,   2) = 3.16967E-02 ;
fmtx_t ( 14,   2) = 4.53175E-04 ;  fmtx_t_err ( 14,   2) = 8.55293E-02 ;
fmtx_t ( 15,   2) = 5.23846E-05 ;  fmtx_t_err ( 15,   2) = 2.87082E-01 ;
fmtx_t ( 16,   2) = 1.42687E-04 ;  fmtx_t_err ( 16,   2) = 1.73153E-01 ;
fmtx_t ( 17,   2) = 2.26063E-04 ;  fmtx_t_err ( 17,   2) = 1.25026E-01 ;
fmtx_t ( 18,   2) = 1.75796E-04 ;  fmtx_t_err ( 18,   2) = 1.38991E-01 ;
fmtx_t ( 19,   2) = 2.31780E-05 ;  fmtx_t_err ( 19,   2) = 3.54114E-01 ;
fmtx_t ( 20,   2) = 3.64307E-06 ;  fmtx_t_err ( 20,   2) = 1.00000E+00 ;
fmtx_t ( 21,   2) = 1.65926E-05 ;  fmtx_t_err ( 21,   2) = 4.28603E-01 ;
fmtx_t ( 22,   2) = 3.27272E-06 ;  fmtx_t_err ( 22,   2) = 1.00000E+00 ;
fmtx_t ( 23,   2) = 2.97867E-05 ;  fmtx_t_err ( 23,   2) = 3.04922E-01 ;
fmtx_t ( 24,   2) = 6.51026E-06 ;  fmtx_t_err ( 24,   2) = 6.99856E-01 ;
fmtx_t ( 25,   2) = 3.37914E-06 ;  fmtx_t_err ( 25,   2) = 1.00000E+00 ;
fmtx_t (  1,   3) = 4.50389E-03 ;  fmtx_t_err (  1,   3) = 2.62660E-02 ;
fmtx_t (  2,   3) = 1.15260E-01 ;  fmtx_t_err (  2,   3) = 5.00767E-03 ;
fmtx_t (  3,   3) = 4.85826E-01 ;  fmtx_t_err (  3,   3) = 2.02419E-03 ;
fmtx_t (  4,   3) = 1.16685E-01 ;  fmtx_t_err (  4,   3) = 4.76455E-03 ;
fmtx_t (  5,   3) = 4.09511E-03 ;  fmtx_t_err (  5,   3) = 2.95921E-02 ;
fmtx_t (  6,   3) = 2.42217E-03 ;  fmtx_t_err (  6,   3) = 3.36872E-02 ;
fmtx_t (  7,   3) = 4.11045E-02 ;  fmtx_t_err (  7,   3) = 9.33855E-03 ;
fmtx_t (  8,   3) = 1.40785E-01 ;  fmtx_t_err (  8,   3) = 4.51491E-03 ;
fmtx_t (  9,   3) = 4.17834E-02 ;  fmtx_t_err (  9,   3) = 9.85702E-03 ;
fmtx_t ( 10,   3) = 2.30036E-03 ;  fmtx_t_err ( 10,   3) = 3.90981E-02 ;
fmtx_t ( 11,   3) = 3.78588E-04 ;  fmtx_t_err ( 11,   3) = 7.21506E-02 ;
fmtx_t ( 12,   3) = 2.51474E-03 ;  fmtx_t_err ( 12,   3) = 3.04130E-02 ;
fmtx_t ( 13,   3) = 5.23849E-03 ;  fmtx_t_err ( 13,   3) = 2.47430E-02 ;
fmtx_t ( 14,   3) = 2.62397E-03 ;  fmtx_t_err ( 14,   3) = 3.42557E-02 ;
fmtx_t ( 15,   3) = 3.68934E-04 ;  fmtx_t_err ( 15,   3) = 9.24049E-02 ;
fmtx_t ( 16,   3) = 5.65804E-05 ;  fmtx_t_err ( 16,   3) = 2.57960E-01 ;
fmtx_t ( 17,   3) = 1.22190E-04 ;  fmtx_t_err ( 17,   3) = 1.56078E-01 ;
fmtx_t ( 18,   3) = 2.72909E-04 ;  fmtx_t_err ( 18,   3) = 9.52082E-02 ;
fmtx_t ( 19,   3) = 1.73510E-04 ;  fmtx_t_err ( 19,   3) = 1.28406E-01 ;
fmtx_t ( 20,   3) = 2.79896E-05 ;  fmtx_t_err ( 20,   3) = 3.18408E-01 ;
fmtx_t ( 22,   3) = 8.72206E-06 ;  fmtx_t_err ( 22,   3) = 5.66344E-01 ;
fmtx_t ( 23,   3) = 2.28989E-05 ;  fmtx_t_err ( 23,   3) = 3.27448E-01 ;
fmtx_t ( 24,   3) = 6.51027E-06 ;  fmtx_t_err ( 24,   3) = 7.08639E-01 ;
fmtx_t ( 25,   3) = 2.77956E-06 ;  fmtx_t_err ( 25,   3) = 1.00000E+00 ;
fmtx_t (  1,   4) = 1.80510E-04 ;  fmtx_t_err (  1,   4) = 1.33946E-01 ;
fmtx_t (  2,   4) = 4.77446E-03 ;  fmtx_t_err (  2,   4) = 2.73381E-02 ;
fmtx_t (  3,   4) = 1.24987E-01 ;  fmtx_t_err (  3,   4) = 5.82674E-03 ;
fmtx_t (  4,   4) = 4.86134E-01 ;  fmtx_t_err (  4,   4) = 1.92491E-03 ;
fmtx_t (  5,   4) = 1.06793E-01 ;  fmtx_t_err (  5,   4) = 6.03092E-03 ;
fmtx_t (  6,   4) = 1.49649E-04 ;  fmtx_t_err (  6,   4) = 1.55949E-01 ;
fmtx_t (  7,   4) = 2.43978E-03 ;  fmtx_t_err (  7,   4) = 3.64245E-02 ;
fmtx_t (  8,   4) = 4.44389E-02 ;  fmtx_t_err (  8,   4) = 9.59942E-03 ;
fmtx_t (  9,   4) = 1.41767E-01 ;  fmtx_t_err (  9,   4) = 5.12335E-03 ;
fmtx_t ( 10,   4) = 3.93397E-02 ;  fmtx_t_err ( 10,   4) = 9.24338E-03 ;
fmtx_t ( 11,   4) = 5.42949E-05 ;  fmtx_t_err ( 11,   4) = 2.26411E-01 ;
fmtx_t ( 12,   4) = 4.33660E-04 ;  fmtx_t_err ( 12,   4) = 7.24505E-02 ;
fmtx_t ( 13,   4) = 2.58467E-03 ;  fmtx_t_err ( 13,   4) = 3.97677E-02 ;
fmtx_t ( 14,   4) = 5.59059E-03 ;  fmtx_t_err ( 14,   4) = 2.84596E-02 ;
fmtx_t ( 15,   4) = 2.44042E-03 ;  fmtx_t_err ( 15,   4) = 3.60952E-02 ;
fmtx_t ( 16,   4) = 3.34459E-06 ;  fmtx_t_err ( 16,   4) = 1.00000E+00 ;
fmtx_t ( 17,   4) = 3.67112E-05 ;  fmtx_t_err ( 17,   4) = 2.98475E-01 ;
fmtx_t ( 18,   4) = 1.58778E-04 ;  fmtx_t_err ( 18,   4) = 1.64880E-01 ;
fmtx_t ( 19,   4) = 2.19021E-04 ;  fmtx_t_err ( 19,   4) = 1.36476E-01 ;
fmtx_t ( 20,   4) = 1.58537E-04 ;  fmtx_t_err ( 20,   4) = 1.53026E-01 ;
fmtx_t ( 21,   4) = 3.28640E-06 ;  fmtx_t_err ( 21,   4) = 1.00000E+00 ;
fmtx_t ( 22,   4) = 6.68024E-06 ;  fmtx_t_err ( 22,   4) = 6.99854E-01 ;
fmtx_t ( 23,   4) = 1.38755E-05 ;  fmtx_t_err ( 23,   4) = 4.86467E-01 ;
fmtx_t ( 24,   4) = 6.55615E-06 ;  fmtx_t_err ( 24,   4) = 6.99887E-01 ;
fmtx_t ( 25,   4) = 6.63671E-06 ;  fmtx_t_err ( 25,   4) = 6.99974E-01 ;
fmtx_t (  1,   5) = 2.44428E-05 ;  fmtx_t_err (  1,   5) = 4.84585E-01 ;
fmtx_t (  2,   5) = 2.16487E-04 ;  fmtx_t_err (  2,   5) = 1.65699E-01 ;
fmtx_t (  3,   5) = 5.33258E-03 ;  fmtx_t_err (  3,   5) = 4.29953E-02 ;
fmtx_t (  4,   5) = 1.41905E-01 ;  fmtx_t_err (  4,   5) = 6.38882E-03 ;
fmtx_t (  5,   5) = 4.87854E-01 ;  fmtx_t_err (  5,   5) = 2.63617E-03 ;
fmtx_t (  6,   5) = 1.22981E-05 ;  fmtx_t_err (  6,   5) = 7.00016E-01 ;
fmtx_t (  7,   5) = 1.94244E-04 ;  fmtx_t_err (  7,   5) = 2.01321E-01 ;
fmtx_t (  8,   5) = 2.94012E-03 ;  fmtx_t_err (  8,   5) = 4.51153E-02 ;
fmtx_t (  9,   5) = 5.00870E-02 ;  fmtx_t_err (  9,   5) = 1.10912E-02 ;
fmtx_t ( 10,   5) = 1.41354E-01 ;  fmtx_t_err ( 10,   5) = 6.71208E-03 ;
fmtx_t ( 11,   5) = 6.31597E-06 ;  fmtx_t_err ( 11,   5) = 1.00000E+00 ;
